0.070320128
0.101540096
0.135170048
0.16944
0.20331008
0.236940032
0.268290048
0.302429952
0.345750016
0.371010048
0.403269888
0.437569792
0.470039808
0.504009984
0.536819968
0.571130112
0.605300224
0.639099904
0.67168
0.70532992
0.739490048
0.772679936
0.804820224
0.838640128
0.872470016
0.907009792
0.939809792
0.972780032
1.00660992
1.040879872
1.073900032
1.10779008
1.140389888
1.17540992
1.207120128
1.242319872
1.27504
1.308940032
1.341989888
1.37561984
1.40832
1.442589952
1.476460032
1.509499904
1.54384
1.576219904
1.609949952
1.643760128
1.677299968
1.710969856
1.744320256
1.779300096
1.810649856
1.84523008
1.878660096
1.916600064
1.9456
1.978949888
2.012729856
2.045250048
2.078590208
2.11952
2.146520064
2.179159808
2.213100032
2.247290112
2.280420096
2.314900224
2.346779904
2.380989952
2.42052992
2.447510016
2.481720064
2.514370048
2.548100096
2.582789888
2.616230144
2.64937984
2.682269952
2.716199936
2.74996992
2.784389888
2.821609984
2.850419968
2.883770112
2.917149952
2.950960128
2.983529984
3.018110208
3.05147008
3.08496
3.118870016
3.151879936
3.185640192
3.218569984
3.25264
3.284890112
3.318969856
3.352260096
3.385839872
3.419830016
3.453679872
3.487719936
3.520620032
3.554520064
3.58763008
3.620790016
3.654749952
3.687849984
3.720839936
3.754700032
3.79406976
3.821800192
3.85524992
3.888669952
3.921880064
3.955559936
3.988669952
4.025910016
4.055990016
4.089339904
4.122540032
4.156880128
4.190160128
4.222880256
4.256760064
4.29028992
4.323469824
4.35750016
4.390700032
4.423799808
4.45856
4.491739904
4.525669888
4.558850048
4.59275008
4.625829888
4.659219968
4.692839936
4.726010112
4.75972992
4.793730048
4.827719936
4.861929984
4.893639936
4.927179776
4.96148992
4.995030016
5.02811008
5.06161024
5.095980032
5.128299776
5.16260992
5.196189952
5.229260032
5.264649984
5.296909824
5.330349824
5.364859904
5.39707008
5.42974976
5.46436992
5.497319936
5.537309952
5.564749824
5.598950144
5.631480064
5.66464
5.699069952
5.737029888
5.766469888
5.799129856
5.832179968
5.86548992
5.899869952
5.934159872
5.966750208
6.000119808
6.033950208
6.06816
6.101159936
6.134309888
6.167930112
6.20139008
6.235209984
6.268709888
6.303330048
6.335760128
6.370599936
6.4088
6.437560064
6.469949952
6.502459904
6.536300032
6.570200064
6.603760128
6.637529856
6.670629888
6.70486016
6.73867008
6.771079936
6.804920064
6.837999872
6.871819776
6.905530112
6.938539776
6.972379904
7.006469888
7.039659776
7.073299968
7.106710016
7.140059904
7.172770048
7.206479872
7.240310016
7.27508992
7.306530048
7.34139008
7.374840064
7.406489856
7.44139008
7.474800128
7.508599808
7.542309888
7.575940096
7.60934016
7.642800128
7.677019904
7.708410112
7.7432
7.77675008
7.810049792
7.843379968
7.877979904
7.910469888
7.943840256
7.976939776
8.015219968
8.04411008
8.077530112
8.11172992
8.145029888
8.177619968
8.211109888
8.24550016
8.277900032
8.311059968
8.345400064
8.378590208
8.41230976
8.44596992
8.479129856
8.513289984
8.546390272
8.579529984
8.61361024
8.645839872
8.67988992
8.720460032
8.747079936
8.78091008
8.815640064
8.84699008
8.88068992
8.914909952
8.956999936
8.981559808
9.01504
9.048420096
9.082619904
9.115760128
9.155620096
9.18251008
9.21632
9.250100224
9.283529728
9.317149952
9.35051008
9.384710144
9.417530112
9.451719936
9.48425984
9.51718016
9.551830016
9.584300032
9.617659904
9.651170048
9.684460032
9.718640128
9.751180032
9.785249792
9.81867008
9.852349952
9.885479936
9.921199872
9.953049856
9.98555008
10.019030016
10.053740032
10.086779904
10.119979776
10.155940096
10.18656
10.22041984
10.254060288
10.287750144
10.320880128
10.355699968
10.388239872
10.421789952
10.455640064
10.488830208
10.52230016
10.556470016
10.588669952
10.622700032
10.65675008
10.690109952
10.723800064
10.757190144
10.79113984
10.823640064
10.857050112
10.891440128
10.924780032
10.957790208
10.991960064
11.025570048
11.05897984
11.091919872
11.126050048
11.159689984
11.192649984
11.226139904
11.260269824
11.293729792
11.327239936
11.360229888
11.394280192
11.428379904
11.462200064
11.49486976
11.528780032
11.561830144
11.59542016
11.628610048
11.661619968
11.695259904
11.729159936
11.76187008
11.79617024
11.830060032
11.8632
11.897210112
11.930360064
11.963960064
11.997159936
12.031540224
12.064720128
12.098200064
12.132080128
12.168009984
12.199909888
12.23177984
12.26619008
12.299030016
12.33318016
12.366049792
12.399000064
12.432940032
12.467320064
12.500829952
12.533559808
12.567970048
12.601110016
12.634599936
12.668359936
12.701370112
12.73508992
12.76900992
12.80166016
12.83494016
12.869639936
12.906950144
12.94116992
12.969900288
13.003289856
13.036199936
13.070700032
13.1032
13.137430272
13.170540032
13.205080064
13.237729792
13.27099008
13.304280064
13.337659904
13.371709952
13.405139968
13.438469888
13.472339968
13.507330048
13.538340096
13.57236992
13.60539008
13.639600128
13.672890112
13.70614016
13.739610112
13.773240064
13.806479872
13.83988992
13.87412992
13.906800128
13.94043008
13.974070016
14.00726016
14.041479936
14.07524992
14.108499968
14.141929984
14.175379968
14.209459968
14.24267008
14.27686016
14.310429952
14.342800128
14.376649984
14.410569984
14.444850176
14.47684992
14.510329856
14.544549888
14.578000128
14.61124992
14.64411008
14.678500096
14.712179968
14.746060032
14.779180032
14.813159936
14.85227008
14.879759872
14.91376
14.947389952
14.980809984
15.014870016
15.047780096
15.08134016
15.115450112
15.149330176
15.181720064
15.216059904
15.249680128
15.287660032
15.316440064
15.350409984
15.383540224
15.41723008
15.45291008
15.484169728
15.517739776
15.549979904
15.584569856
15.617679872
15.651300096
15.684640256
15.718960128
15.75147008
15.785360128
15.818600192
15.851659776
15.885949952
15.918439936
15.952250112
15.985609984
16.01956992
16.054390272
16.087990016
16.120610048
16.154020096
16.187879936
16.220610048
16.254419968
16.287940096
16.320889856
16.356420096
16.388819968
16.422149888
16.4568
16.488829952
16.523129856
16.55673984
16.589209856
16.62267008
16.656829952
16.689579776
16.72388992
16.756869888
16.79092992
16.823700224
16.857730048
16.891529728
16.92571008
16.95856
16.992089856
17.025659904
17.059329792
17.091660032
17.126020096
17.165150208
17.197629952
17.226290176
17.261730048
17.29232
17.326839808
17.35988992
17.39401984
17.427419904
17.460869888
17.493729792
17.527620096
17.562070016
17.59499008
17.627979776
17.661959936
17.695820032
17.734099968
17.761939968
17.795899904
17.829639936
17.863140096
17.89643008
17.930599936
17.963350016
17.996890112
18.030210048
18.064539904
18.098579968
18.130579968
18.164
18.197959936
18.231640064
18.264730112
18.29940992
18.33268992
18.36576
18.399070208
18.43264
18.467020032
18.499460096
18.533789952
18.567340032
18.59961984
18.633349888
18.666490112
18.700520192
18.734119936
18.76758016
18.801289984
18.834810112
18.867879936
18.90187008
18.93473024
18.96820992
19.003010048
19.042800128
19.069989888
19.10292992
19.136250112
19.16992
19.203380224
19.237400064
19.27006976
19.304090112
19.338279936
19.371390208
19.405899776
19.43878016
19.472649984
19.505669888
19.538969856
19.572610048
19.606459904
19.640839936
19.674049792
19.706589952
19.740280064
19.774099968
19.806820096
19.841080064
19.873270016
19.90827008
19.941999872
19.974500096
20.008300032
20.042160128
20.076920064
20.109310208
20.142889984
20.17611008
20.21012992
20.244350208
20.27947008
20.310010112
20.344029952
20.378360064
20.41008
20.444300032
20.483180032
20.513420032
20.545160192
20.57862016
20.611920128
20.645709824
20.679109888
20.71227008
20.745740032
20.780120064
20.812920064
20.846710016
20.884649984
20.91364992
20.94672
20.980260096
21.013069824
21.04681984
21.080729856
21.114120192
21.147020032
21.181289984
21.21488
21.248080128
21.281900032
21.316240128
21.349039872
21.382139904
21.415640064
21.449470208
21.482270208
21.516230144
21.55492992
21.582210048
21.616829952
21.65049984
21.684169984
21.717740032
21.751449856
21.785430016
21.819229952
21.850949888
21.885659904
21.919170048
21.95126016
21.985469952
22.018759936
22.052420096
22.08548992
22.119379968
22.153580032
22.186710016
22.22059008
22.254800128
22.287049984
22.320310016
22.354589952
22.388489984
22.420989952
22.454309888
22.487290112
22.521190144
22.554729984
22.588140032
22.621179904
22.655639808
22.68939008
22.721740032
22.755380224
22.789100032
22.822950144
22.85606016
22.889209856
22.92262016
22.956279808
22.98923008
23.02345984
23.057160192
23.09056
23.12420992
23.158200064
23.192140032
23.224920064
23.263099904
23.291460096
23.324599808
23.358970112
23.39232
23.424389888
23.45968
23.492260096
23.525509888
23.55968
23.592329984
23.625669888
23.659369984
23.692920064
23.726230016
23.760039936
23.79353984
23.826569984
23.86112
23.89446016
23.927590144
23.96091008
23.994070016
24.028179968
24.061449984
24.09483008
24.129110272
24.162050048
24.195460096
24.229179904
24.262050048
24.295930112
24.329480192
24.36288
24.39614976
24.43035008
24.464389888
24.497590016
24.531350016
24.56427008
24.597690112
24.63108992
24.665049856
24.698249984
24.734099968
24.765250048
24.798589952
24.83216
24.8664
24.900120064
24.932829952
24.96724992
25.000890112
25.033609984
25.067869952
25.100339968
25.133910016
25.167659776
25.20164992
25.2352
25.268730112
25.302329856
25.335579904
25.369049856
25.402850048
25.435910144
25.469420032
25.50336
25.536880128
25.570160128
25.603919872
25.642279936
25.670820096
25.704219904
25.73776
25.770860032
25.804569856
25.838320128
25.872659968
25.905689856
25.938149888
25.972069888
26.007090176
26.039549952
26.072440064
26.106380032
26.141139968
26.174220032
26.20779008
26.241619968
26.27572992
26.310330112
26.344519936
26.377440256
26.412179968
26.445189888
26.479810048
26.511760128
26.545459968
26.578680064
26.612449792
26.64582016
26.678850048
26.713080064
26.74676992
26.779239936
26.813299968
26.84756992
26.880840192
26.914200064
26.947539968
26.98171008
27.014530048
27.048290048
27.082520064
27.115010048
27.148350208
27.182459904
27.216699904
27.24980992
27.283390208
27.316719872
27.349370112
27.383640064
27.416079872
27.451579904
27.484260096
27.51748992
27.550729984
27.58496
27.61728
27.652919808
27.685690112
27.718680064
27.751379968
27.786150144
27.81883008
27.852150016
27.88656
27.92020992
27.953810176
27.986680064
28.020169984
28.05380992
28.087589888
28.120690176
28.153580032
28.188359936
28.221299968
28.255179776
28.289389824
28.32224
28.354739968
28.38923008
28.421879808
28.456250112
28.490060032
28.523550208
28.556219904
28.591069952
28.624340224
28.65716992
28.690150144
28.724030208
28.75737984
28.790330112
28.824320256
28.85732992
28.892310016
28.925979904
28.958660096
28.991490048
29.024989952
29.059000064
29.092349952
29.125730048
29.159739904
29.200250112
29.22633984
29.260379904
29.293869824
29.327700224
29.360699904
29.393800192
29.427030016
29.460790272
29.49403008
29.528400128
29.561740032
29.594569984
29.627849728
29.66230016
29.695319808
29.728509952
29.762589952
29.795749888
29.828819968
29.866749952
29.896189952
29.930469888
29.966360064
29.997200128
30.03081984
30.064730112
30.096999936
30.130970112
30.164709888
30.197300224
30.231769856
30.270950144
30.297800192
30.332470016
30.365530112
30.399549952
30.43355008
30.466119936
30.499600128
30.533730048
30.567369984
30.600439808
30.633679872
30.66676992
30.70116992
30.73406976
30.767739904
30.801249792
30.835059968
30.869110016
30.902969856
30.936200192
30.96964992
31.002569984
31.03611008
31.06966016
31.103219968
31.13657984
31.170700032
31.203830016
31.236659968
31.270589952
31.303920128
31.337210112
31.377580032
31.406340096
31.438469888
31.472339968
31.505840128
31.538390016
31.572230144
31.604869888
31.643259904
31.672440064
31.706500096
31.740780032
31.77300992
31.80656
31.840070144
31.875209984
31.906409728
31.93988992
31.97483008
32.006739968
32.04100992
32.074520064
32.108120064
32.141179904
32.175289856
32.2088
32.242690048
32.275980032
32.309979904
32.343770112
32.37659008
32.410690048
32.443620096
32.477750272
32.510749952
32.545740032
32.576829952
32.611179776
32.644240128
32.68331008
32.710889984
32.744440064
32.778749952
32.81254016
32.846109952
32.87968
32.915030272
32.945380096
32.97990016
33.021440256
33.04673024
33.079760128
33.115309824
33.14683008
33.180070144
33.213950208
33.247129856
33.280909824
33.319269888
33.347549952
33.38177024
33.414639872
33.449280256
33.48262016
33.515229952
33.54905984
33.58212992
33.616100096
33.649609984
33.683670016
33.71664
33.751480064
33.784140032
33.817350144
33.851009792
33.884349952
33.917520128
33.95216
33.98625024
34.01892992
34.051640064
34.086109952
34.120019968
34.152560128
34.186370048
34.220029952
34.25270016
34.28699008
34.320440064
34.354579968
34.387769856
34.420549888
34.45396992
34.486660096
34.522450176
34.555379968
34.587899904
34.622259968
34.655549952
34.69264
34.721669888
34.756089856
34.789289984
34.822249984
34.857200128
34.889389824
34.92409984
34.956539904
34.99062016
35.02464
35.058619904
35.090970112
35.12340992
35.157220096
35.191169792
35.225449984
35.258110208
35.292050176
35.32571008
35.357880064
35.392550144
35.42500992
35.459239936
35.49305984
35.526949888
35.561270016
35.594149888
35.626970112
35.660649984
35.693650176
35.726760192
35.762070016
35.794839808
35.82768
35.861139968
35.894839808
35.928079872
35.961700096
35.995600128
36.028920064
36.062690048
36.096719872
36.13060992
36.164000256
36.19668992
36.230939904
36.265459968
36.299030016
36.332179968
36.364989952
36.398779904
36.433730048
36.466429952
36.499000064
36.533430016
36.566759936
36.600069888
36.63264
36.666849792
36.700399872
36.732909824
36.767609856
36.80070016
36.833910016
36.86752
36.903059968
36.93456
36.968729856
37.00283008
37.035529984
37.068900096
37.102840064
37.13659008
37.170010112
37.20377984
37.23764992
37.269419776
37.304410112
37.338299904
37.372140032
37.404489984
37.439030016
37.471549952
37.506200064
37.539320064
37.571589888
37.609369856
37.638959872
37.672950016
37.705690112
37.740059904
37.772809984
37.805979904
37.839909888
37.873779968
37.90667008
37.94
37.98113024
38.007069952
38.040229888
38.073890048
38.108770048
38.141090048
38.17524992
38.208760064
38.24225024
38.276310016
38.310360064
38.34379008
38.377609984
38.408839936
38.443919872
38.477339904
38.510520064
38.54443008
38.57814016
38.610139904
38.644249856
38.679240192
38.712089856
38.745139968
38.777819904
38.812109824
38.84619008
38.87899008
38.911810048
38.944809984
38.979079936
39.012790016
39.046980096
39.081060096
39.11318016
39.147060224
39.180019968
39.21451008
39.247760128
39.280989952
39.315300096
39.34804992
39.381560064
39.414980096
39.448140032
39.482649856
39.515369984
39.549260032
39.582259968
39.615610112
39.65067008
39.684400128
39.71652992
39.74998016
39.78411008
39.816760064
39.849459968
39.884090112
39.917709824
39.950640128
39.984570112
40.018479872
40.052530176
40.085779968
40.11867008
40.152310016
40.186009856
40.218870016
40.252180224
40.286319872
40.320440064
40.353949952
40.386870016
40.419600128
40.453670144
40.487879936
40.520879872
40.553220096
40.58811008
40.620549888
40.654619904
40.688050176
40.721120256
40.754919936
40.788889856
40.82145024
40.854939904
40.888310016
40.922829824
40.956389888
40.989790208
41.022260224
41.056189952
41.089669888
41.123020032
41.156260096
41.19019008
41.223330048
41.256069888
41.288690176
41.322340096
41.356659968
41.391019776
41.423660032
41.457200128
41.490040064
41.52369024
41.557050112
41.59286016
41.624239872
41.657030144
41.691309824
41.724549888
41.758370048
41.79188992
41.826840064
41.859330048
41.892549888
41.926439936
41.959800064
41.993850112
42.026089984
42.059750144
42.093529856
42.127130112
42.160709888
42.194470144
42.227280128
42.261349888
42.294820096
42.327340032
42.36155008
42.39536
42.428850176
42.462219776
42.496229888
42.529799936
42.563699968
42.598099968
42.630210048
42.66427008
42.696790016
42.73124992
42.764669952
42.796880128
42.83152
42.865229824
42.8992
42.932730112
42.96548992
42.999389952
43.032549888
43.066520064
43.10057984
43.13451008
43.167500032
43.200699904
43.23435008
43.267719936
43.301659904
43.335389952
43.368729856
43.402579968
43.435610112
43.468829952
43.502419968
43.537000192
43.570249984
43.603899904
43.636509952
43.670579968
43.707940096
43.736969984
43.769370112
43.803430144
43.837089792
43.871190016
43.905220096
43.93803008
43.971859968
44.00523008
44.038870016
44.07318016
44.106119936
44.140210176
44.172680192
44.207330048
44.240349952
44.274320128
44.306970112
44.340260096
44.374849792
44.407450112
44.440869888
44.473850112
44.507259904
44.541209856
44.574889984
44.608289792
44.642810112
44.676310016
44.709320192
44.743590144
44.776390144
44.813900032
44.843930112
44.878490112
44.910599936
44.944499968
44.977680128
45.011279872
45.045410048
45.079030016
45.112150016
45.145779968
45.179449856
45.213300224
45.247589888
45.282430208
45.31563008
45.347660032
45.38368
45.414309888
45.449039872
45.482139904
45.515510016
45.548690176
45.581299968
45.615670016
45.64950016
45.683289856
45.716390144
45.749509888
45.78324992
45.81691008
45.850690048
45.883969792
45.917200128
45.951049984
45.984799744
46.018490112
46.051079936
46.085990144
46.11867008
46.151109888
46.185720064
46.218900224
46.252840192
46.285499904
46.3192
46.35248
46.385970176
46.420089856
46.452880128
46.486899968
46.520600064
46.553659904
46.586840064
46.620019968
46.654419968
46.689540096
46.720459776
46.754520064
46.78713984
46.820879872
46.854409984
46.888009984
46.92201984
46.955800064
46.98948992
47.022009856
47.05649024
47.089839872
47.123960064
47.156940032
47.190249984
47.223709952
47.256820224
47.290330112
47.32340992
47.357839872
47.39177984
47.424120064
47.458089984
47.491980032
47.524589824
47.558310144
47.591450112
47.62576
47.65929984
47.692059904
47.72545024
47.75968
47.792449792
47.826490112
47.859410176
47.892869888
47.926729984
47.959760128
47.993179904
48.027739904
48.059919872
48.092940032
48.126369792
48.162340096
48.195200256
48.228560128
48.262269952
48.295329792
48.32788992
48.362859776
48.395650048
48.428879872
48.461789952
48.496210176
48.529590016
48.562959872
48.595309824
48.629840128
48.663149824
48.696580096
48.73056
48.763640064
48.797129984
48.831449856
48.86449024
48.89897984
48.93108992
48.965149952
48.999369984
49.033140224
49.06692992
49.09897984
49.133240064
49.166899968
49.200400128
49.233830144
49.26816
49.301830144
49.334960128
49.367890176
49.40144
49.435110144
49.469289984
49.501949952
49.535670016
49.569110016
49.602779904
49.635650048
49.66992
49.70272
49.737430016
49.771480064
49.80401024
49.837019904
49.87184
49.90432
49.93801984
49.971870208
50.005319936
50.03872
50.072310016
50.10596992
50.139239936
50.172640256
50.20660992
50.240429824
50.274579968
50.308019968
50.33979008
50.374070272
50.407609856
50.440679936
50.474040064
50.507450112
50.540999936
50.575449856
50.608339968
50.642530048
50.6752
50.70772992
50.74091008
50.776290048
50.809179904
50.843269888
50.875419904
50.910009856
50.943269888
50.97675008
51.010439936
51.04473984
51.078380032
51.111069952
51.144969984
51.178679808
51.211609856
51.246909952
51.280150016
51.312260096
51.345580032
51.379480064
51.41342976
51.44678016
51.478900224
51.51300992
51.547019776
51.58004992
51.61488
51.646760192
51.681050112
51.713389824
51.748730112
51.78182016
51.815430144
51.848400128
51.882630144
51.915399936
51.948290048
51.982490112
52.016260096
52.049449984
52.082579968
52.116900096
52.149959936
52.183440128
52.216329984
52.250160128
52.285149952
52.318440192
52.351300096
52.385140224
52.419490048
52.452999936
52.48544
52.518939904
52.552300032
52.585789952
52.619620096
52.65302016
52.687440128
52.72070016
52.754170112
52.786459904
52.820089856
52.854359808
52.887529984
52.92144
52.95504
52.987929856
53.025080064
53.055800064
53.089740032
53.12377984
53.156070144
53.188489984
53.222739968
53.256150016
53.290200064
53.323120128
53.356969728
53.390089984
53.42347008
53.456260096
53.489850112
53.524290048
53.55675008
53.590280192
53.624169984
53.657590016
53.691360256
53.724470016
53.758230016
53.792140032
53.824339968
53.857890048
53.892450048
53.925199872
53.959209984
53.99211008
54.030650112
54.06048
54.093509888
54.126370048
54.160659968
54.193469952
54.226319872
54.260669952
54.294630144
54.327120128
54.360619776
54.39467008
54.427640064
54.461679872
54.49462016
54.528019968
54.561860096
54.595659776
54.629400064
54.662779904
54.69568
54.729639936
54.764019968
54.800199936
54.830329856
54.864300032
54.897479936
54.931379968
54.964420096
54.997529856
55.030810112
55.064140032
55.09860992
55.131510016
55.16569984
55.199860224
55.233139968
55.266749952
55.299800064
55.333110016
55.36710016
55.400669952
55.434980096
55.468009984
55.500989952
55.534969856
55.56822016
55.602500096
55.635529984
55.668329728
55.701529856
55.736339968
55.770269952
55.801879808
55.836470016
55.869029888
55.90297984
55.93718016
55.970569728
56.0032
56.036559872
56.07019008
56.104460032
56.137349888
56.172519936
56.203599872
56.242109952
56.271060224
56.30500992
56.339069952
56.372289792
56.406050048
56.439990016
56.472559872
56.50704
56.539429888
56.573389824
56.608189952
56.640359936
56.674799872
56.708429824
56.741339904
56.775749888
56.80932992
56.843070208
56.876130048
56.90923008
56.943579904
56.976600064
57.01076992
57.043190016
57.076829952
57.110249984
57.144349952
57.177690112
57.21108992
57.245210112
57.278469888
57.311600128
57.345370112
57.379270144
57.412570112
57.446380032
57.480300032
57.513299968
57.546230016
57.578989824
57.61321984
57.646419968
57.680560128
57.713989888
57.74761984
57.781299968
57.814739968
57.848389888
57.882009856
57.91483008
57.94779008
57.982249984
58.015280128
58.048399872
58.083049984
58.11630976
58.150360064
58.184120064
58.216720128
58.249709824
58.284250112
58.317250048
58.349680128
58.384770048
58.417049856
58.452389888
58.485910016
58.518970112
58.551969792
58.585420032
58.619670016
58.652140032
58.685449984
58.719229952
58.752329984
58.78638976
58.820090112
58.854309888
58.887230208
58.920889856
58.954189824
58.9888
59.021679872
59.054360064
59.087920128
59.121530112
59.154710016
59.189510144
59.22208
59.25595008
59.288680192
59.322459904
59.356570112
59.38987008
59.422960128
59.456630016
59.489750016
59.523820032
59.556610048
59.590650112
59.624120064
59.656989952
59.691830016
59.724499968
59.758540032
59.792699904
59.824979968
59.858500096
59.891500032
59.925560064
59.958230016
59.992329984
60.025469952
60.059439872
60.093250048
60.12576
60.15953024
60.19316992
60.226630144
60.260770048
60.294349824
60.326980096
60.361090048
60.395510016
60.427859968
60.461799936
60.495069952
60.528240128
60.561380096
60.596
60.628550144
60.66276992
60.696219904
60.729149952
60.763760128
60.795449856
60.829459968
60.863160064
60.896999936
60.930020096
60.963059968
60.997999872
61.030619904
61.064150016
61.098650112
61.13158016
61.16395008
61.199330048
61.232769792
61.265839872
61.29952
61.332979968
61.365509888
61.401449984
61.434349824
61.46699008
61.500940032
61.534040064
61.56689024
61.601270016
61.634409984
61.667350016
61.70193024
61.734969856
61.768409856
61.802579712
61.835049984
61.869150208
61.902959872
61.93632
61.969730048
62.00235008
62.03697024
62.070500096
62.103350016
62.13691008
62.170729984
62.20379008
62.237889792
62.271340032
62.304080128
62.338840064
62.37220992
62.405829888
62.43958016
62.47145984
62.505519872
62.539279872
62.57243008
62.60587008
62.63931008
62.672539904
62.707020032
62.740569856
62.77307008
62.80715008
62.84091008
62.87537024
62.908190208
62.941159936
62.974119936
63.007709952
63.041939968
63.076389888
63.109299968
63.14304
63.17657984
63.210070016
63.243180032
63.277170176
63.311849984
63.34528
63.37819008
63.412199936
63.445220096
63.479190016
63.512610048
63.544809984
63.579010048
63.612809984
63.646779904
63.68091008
63.714210048
63.746900224
63.780130048
63.81472
63.84825984
63.88049024
63.914540032
63.94779008
63.990159872
64.01451008
64.04854016
64.08308992
64.11499008
64.148150016
64.181719808
64.215550208
64.248710144
64.282810112
64.315749888
64.350180096
64.384580096
64.418359808
64.449979904
64.483209984
64.516440064
64.550619904
64.585149952
64.617410048
64.653060096
64.683890176
64.717669888
64.750759936
64.784530176
64.81860992
64.85076992
64.886779904
64.917810176
64.952179968
64.987990016
65.019170048
65.057549824
65.08644992
65.120679936
65.154899968
65.187560192
65.221989888
65.254899968
65.288509952
65.321890048
65.356460032
65.391330048
65.423140096
65.456989952
65.489939968
65.523239936
65.556250112
65.58921984
65.62289024
65.656830208
65.689700096
65.724300032
65.75710976
65.79195008
65.824019968
65.85710976
65.890980096
65.924249856
65.958599936
65.992370176
66.026060032
66.058390016
66.092179968
66.125110016
66.159699968
66.193609984
66.226810112
66.260690176
66.294599936
66.327760128
66.360549888
66.395340032
66.427760128
66.461499904
66.49476992
66.528450048
66.561319936
66.595320064
66.627280128
66.662740224
66.695000064
66.728920064
66.762149888
66.795930112
66.829380096
66.86363008
66.895879936
66.930419968
66.962829824
66.996470016
67.029860096
67.063490048
67.097730048
67.1304
67.163610112
67.197530112
67.231770112
67.265370112
67.29838976
67.33216
67.365560064
67.399719936
67.432260096
67.466540032
67.500400128
67.532539904
67.566360064
67.598969856
67.632969984
67.66747008
67.701490176
67.734520064
67.76724992
67.801700096
67.834750208
67.86859008
67.902899968
67.934859776
67.968610048
68.00228992
68.035340032
68.069370112
68.103229952
68.136399872
68.170149888
68.204080128
68.238150144
68.269750016
68.304349952
68.33632
68.371559936
68.404919808
68.437829888
68.471469824
68.505639936
68.539219968
68.57209984
68.6056
68.638599936
68.67184
68.705910016
68.743739904
68.772090112
68.806099968
68.839040256
68.87300992
68.906230016
68.939890176
68.974649856
69.007290112
69.040930048
69.07377024
69.107650048
69.140649984
69.191389952
69.212449792
69.241159936
69.276460032
69.309629952
69.342680064
69.375559936
69.40950016
69.442860032
69.476440064
69.509910016
69.544240128
69.577929984
69.611579904
69.644089856
69.67764992
69.710789888
69.744120064
69.77819008
69.81131008
69.845510144
69.880019968
69.913509888
69.945720064
69.978739968
70.01355008
70.04667008
70.08075008
70.113789952
70.14784
70.181690112
70.214459904
70.24806016
70.280999936
70.315450112
70.348140032
70.381319936
70.415849984
70.458919936
70.483859968
70.521239808
70.549459968
70.583010048
70.616880128
70.650550016
70.684100096
70.718040064
70.755869952
70.78532992
70.818259968
70.851660032
70.884829952
70.918760192
70.951730176
70.985750016
71.019660032
71.05312
71.087369984
71.119639808
71.153609984
71.186540032
71.219440128
71.253400064
71.287020032
71.319170048
71.35353984
71.387760128
71.421479936
71.45472
71.487279872
71.521029888
71.554550016
71.588559872
71.62228992
71.655079936
71.68961024
71.722589952
71.75552
71.788659968
71.821879808
71.856450048
71.89792
71.923460096
71.95700992
71.995059968
72.024909824
72.058059776
72.091719936
72.124889856
72.158320128
72.192560128
72.233300224
72.260989952
72.292880128
72.327059968
72.358980096
72.394219776
72.42820992
72.460659968
72.493990144
72.527769856
72.560770048
72.594690048
72.627640064
72.661069824
72.695180032
72.728300288
72.763209984
72.795629824
72.828549888
72.862640128
72.896019968
72.929830144
72.963340032
72.997750016
73.03088
73.063170048
73.097100032
73.130029824
73.163589888
73.19860992
73.231350016
73.266050048
73.299709952
73.332499968
73.365600256
73.399190016
73.432360192
73.464940032
73.499910144
73.532809984
73.567990016
73.599000064
73.633509888
73.666519808
73.700029952
73.7328
73.76676992
73.801189888
73.834439936
73.86784
73.901789952
73.934930176
73.968560128
74.001080064
74.03481984
74.069189888
74.102040064
74.135640064
74.168759808
74.202710016
74.236349952
74.270060032
74.303190272
74.336249856
74.370089984
74.40457984
74.437520128
74.470180096
74.504260096
74.53769984
74.571849984
74.604809984
74.638580224
74.671500032
74.705129984
74.738270208
74.772499968
74.806779904
74.838170112
74.87211008
74.906230016
74.939500032
74.973730048
75.007419904
75.039539968
75.074919936
75.108169984
75.141129984
75.175240192
75.20864
75.241190144
75.276079872
75.309359872
75.342089984
75.374690048
75.409080064
75.442739968
75.476290048
75.50939008
75.543410176
75.576420096
75.610520064
75.643689984
75.678009856
75.711739904
75.743780096
75.778210048
75.81142016
75.844600064
75.878299904
75.912100096
75.944699904
75.978909952
76.01275008
76.04555008
76.079340032
76.11374976
76.146380032
76.179500032
76.213080064
76.246429952
76.280310016
76.314590208
76.346839808
76.380179968
76.414860032
76.448229888
76.48235008
76.515380224
76.548649984
76.582579968
76.616040192
76.649479936
76.68212992
76.716819968
76.74992
76.784019968
76.816790272
76.850429952
76.88388992
76.91764992
76.95156992
76.985529856
77.017890048
77.050739968
77.085040128
77.118519808
77.152250112
77.186029824
77.218919936
77.252889856
77.286480128
77.318690048
77.351820032
77.386429952
77.419389952
77.45353984
77.486910208
77.520029952
77.554070016
77.588840192
77.621720064
77.654800128
77.688140032
77.721069824
77.755069952
77.794909952
77.821260032
77.856140032
77.888819968
77.921530112
77.957159936
77.989850112
78.023830016
78.056310016
78.090310144
78.123679744
78.158369792
78.19108992
78.224489984
78.257240064
78.291510016
78.324199936
78.358200064
78.392030208
78.42500992
78.458249984
78.492470016
78.52555008
78.559330048
78.593679872
78.626949888
78.66
78.692800256
78.726459904
78.76048
78.793730048
78.82761984
78.860969984
78.893949952
78.927929856
78.961129984
78.995379968
79.029100032
79.062550016
79.095849984
79.128429824
79.166149888
79.19606016
79.229549824
79.26352
79.29769984
79.330220032
79.364169984
79.397530112
79.430380032
79.463730176
79.49744
79.530419968
79.564440064
79.597730048
79.631789824
79.66624
79.699170048
79.732460032
79.765700096
79.799859968
79.83275008
79.86688
79.89956992
79.933509888
79.966920192
80.000310016
80.033929984
80.06804992
80.101039872
80.135010048
80.168600064
80.201499904
80.235099904
80.267960064
80.302870016
80.336320256
80.369629952
80.402860032
80.436460032
80.470240256
80.503780096
80.537679872
80.570320128
80.605400064
80.638040064
80.671759872
80.703810048
80.737319936
80.77168
80.804349952
80.838779904
80.871969792
80.90576
80.938640128
80.972140032
81.006299904
81.040360192
81.073469952
81.107609856
81.14020992
81.174429952
81.207960064
81.240920064
81.274949888
81.30827008
81.34084992
81.37504
81.4088
81.44208
81.475610112
81.509299968
81.542850048
81.576679936
81.610340096
81.64272
81.677419776
81.710200064
81.743549952
81.777089792
81.810409984
81.844440064
81.877310208
81.911170048
81.944639744
81.978539776
82.011670016
82.045520128
82.083720192
82.112290048
82.145690112
82.178829824
82.212889856
82.24587008
82.27988992
82.313519872
82.348019968
82.38100992
82.414610176
82.446429952
82.481049856
82.514569984
82.547599872
82.581839872
82.615839744
82.64816
82.681839872
82.721560064
82.749129984
82.782100224
82.816189952
82.855589888
82.88336
82.917220096
82.94980992
82.984280064
83.01707008
83.050770176
83.084489728
83.118700032
83.151149824
83.185000192
83.219179776
83.252070144
83.285449984
83.31883008
83.35286016
83.386910208
83.419970048
83.45328
83.486619904
83.52081024
83.554050048
83.587280128
83.621029888
83.6544
83.688079872
83.731109888
83.762919936
83.788139776
83.821369856
83.855699968
83.888039936
83.928
83.95547008
83.989149952
84.023539968
84.056620032
84.089469952
84.123190016
84.1568
84.190779904
84.223949824
84.257769984
84.291499776
84.324150016
84.367460096
84.394330112
84.424780032
84.459319808
84.491970048
84.525689856
84.559270144
84.591809792
84.626579968
84.659709952
84.693339904
84.726970112
84.762889984
84.794310144
84.827000064
84.86078976
84.893590016
84.927320064
84.96203008
84.995049984
85.027539968
85.062210048
85.0952
85.12854016
85.162050048
85.195269888
85.228969984
85.263739904
85.295940096
85.329779968
85.363419904
85.397359872
85.430519808
85.463439872
85.497580032
85.530660096
85.564290048
85.59771008
85.631490048
85.665320192
85.697669888
85.73105024
85.764379904
85.797910016
85.83216
85.865860096
85.89974016
85.933700096
85.970800128
86.000039936
86.034020096
86.066860032
86.101150208
86.133319936
86.168069888
86.201400064
86.23524992
86.268370176
86.302169856
86.335180032
86.36884992
86.402459904
86.436119808
86.46928
86.502170112
86.536499968
86.569869824
86.603830016
86.637080064
86.670500096
86.703780096
86.737560064
86.771180032
86.80449024
86.837580032
86.873019904
86.904780032
86.93856
